20250612 040100;6062.5;6062.5;6062.25;6062.5;14
20250612 040200;6062.75;6064.25;6062.75;6063.75;15
20250612 040300;6063.75;6064.5;6063.75;6064.5;3
20250612 040400;6064.25;6064.5;6064.25;6064.5;2
20250612 040500;6064.75;6065.25;6064.75;6065.25;6
20250612 040600;6065;6065;6064.25;6064.5;8
20250612 040700;6064.5;6064.5;6064.5;6064.5;1
20250612 040800;6063.75;6063.75;6063.5;6063.5;3
20250612 040900;6063.75;6063.75;6063.75;6063.75;2
20250612 041000;6063.5;6063.75;6063.5;6063.75;3
20250612 041100;6063.75;6064;6063.75;6064;2
20250612 041200;6064;6064;6064;6064;1
20250612 041300;6063.75;6063.75;6062.75;6062.75;20
20250612 041400;6062.75;6062.75;6062.5;6062.5;4
20250612 041500;6062;6062.25;6061.75;6062.25;9
20250612 041600;6062.75;6062.75;6062.75;6062.75;1
20250612 041700;6063;6063.25;6063;6063.25;4
20250612 041800;6063.25;6063.25;6063.25;6063.25;1
20250612 041900;6064;6064;6064;6064;1
20250612 042000;6064.5;6064.5;6064.25;6064.25;8
20250612 042300;6063.75;6064.25;6063.5;6064.25;7
20250612 042400;6064.25;6064.25;6063.75;6064.25;11
20250612 042600;6063.25;6063.25;6063.25;6063.25;1
20250612 042700;6063.25;6063.25;6063;6063.25;5
20250612 042800;6063;6063.25;6063;6063.25;3
20250612 042900;6063.75;6064.5;6063.75;6064.5;7
20250612 043200;6064.25;6064.25;6063.75;6063.75;3
20250612 043500;6063;6063;6063;6063;1
20250612 043600;6062.5;6062.5;6062.25;6062.25;2
20250612 043700;6062.25;6062.75;6061.75;6062.5;10
20250612 043800;6062.5;6062.5;6061.25;6061.25;14
20250612 043900;6061.25;6061.25;6060.75;6061.25;14
20250612 044000;6061.75;6061.75;6061;6061;18
20250612 044100;6061.75;6062.5;6061.75;6062.5;2
20250612 044200;6062.5;6062.5;6062.5;6062.5;1
20250612 044300;6062.75;6062.75;6062.75;6062.75;4
20250612 044400;6063;6063.25;6063;6063.25;2
20250612 044500;6063;6063.25;6063;6063.25;6
20250612 044600;6063.75;6064;6063.75;6064;2
20250612 044700;6063.75;6063.75;6063.75;6063.75;1
20250612 044800;6064.25;6064.25;6064.25;6064.25;4
20250612 044900;6064;6064;6064;6064;1
20250612 045100;6064.75;6064.75;6064.75;6064.75;2
20250612 045200;6064.5;6064.5;6064.5;6064.5;2
20250612 045300;6064.25;6064.25;6064.25;6064.25;1
20250612 045400;6064.25;6065.5;6064.25;6065.5;8
20250612 045500;6065.25;6065.5;6065;6065;9
20250612 045600;6065.25;6065.25;6065.25;6065.25;4
20250612 045700;6065.75;6066.25;6065.75;6066.25;23
20250612 045800;6066.25;6066.5;6066;6066;22
20250612 050100;6066.25;6066.25;6066;6066;6
20250612 050200;6066;6066;6065.5;6065.5;3
20250612 050300;6065;6065.5;6065;6065.5;2
20250612 050500;6065;6065;6065;6065;1
20250612 050600;6064.5;6064.75;6064.25;6064.75;9
20250612 050700;6064.5;6064.5;6064.25;6064.5;8
20250612 050800;6065.25;6065.25;6065.25;6065.25;2
20250612 050900;6065;6065;6064.75;6064.75;3
20250612 051000;6064.5;6064.5;6064;6064.25;3
20250612 051100;6064.25;6064.25;6064;6064;3
20250612 051200;6064.5;6064.75;6064.5;6064.75;6
20250612 051300;6064.25;6064.25;6064.25;6064.25;1
20250612 051400;6064;6064.25;6064;6064;4
20250612 051500;6064;6064.5;6063.75;6064.5;6
20250612 051600;6065;6066.5;6065;6066.5;10
20250612 051700;6066.5;6066.5;6065.25;6065.25;11
20250612 051800;6065.5;6065.5;6065.5;6065.5;1
20250612 051900;6065.5;6065.5;6065.5;6065.5;5
20250612 052000;6065;6065;6064.5;6064.5;4
20250612 052100;6064.5;6064.75;6064.5;6064.75;4
20250612 052200;6064.75;6064.75;6064.75;6064.75;1
20250612 052300;6065.5;6065.5;6065.25;6065.25;2
20250612 052400;6065.75;6066;6065.75;6066;3
20250612 052500;6066.75;6067.5;6066.5;6067.5;11
20250612 052600;6067.5;6067.5;6067.5;6067.5;2
20250612 052800;6067.5;6068;6067.25;6068;16
20250612 052900;6067.75;6068;6067.5;6067.5;16
20250612 053000;6067.25;6067.25;6066.75;6067.25;10
20250612 053100;6067.75;6067.75;6067.5;6067.5;8
20250612 053200;6067.5;6067.5;6067.5;6067.5;2
20250612 053300;6067.25;6067.25;6067.25;6067.25;1
20250612 053400;6067.25;6067.25;6067;6067;4
20250612 053500;6067.25;6067.25;6067.25;6067.25;1
20250612 053600;6067.25;6067.5;6067.25;6067.5;3
20250612 053700;6067.5;6067.5;6066.75;6066.75;9
20250612 053800;6066.5;6066.75;6065.5;6065.75;11
20250612 053900;6065.75;6065.75;6065.75;6065.75;1
20250612 054000;6065.5;6065.5;6065.25;6065.25;6
20250612 054100;6064.5;6064.5;6062.75;6063;11
20250612 054200;6063.5;6063.5;6061.5;6062.75;23
20250612 054300;6062.5;6063;6062.25;6062.5;11
20250612 054400;6062.75;6062.75;6062;6062;9
20250612 054500;6061.75;6063;6060.75;6061.5;44
20250612 054600;6062;6062.25;6061.5;6062.25;7
20250612 054700;6061.75;6062;6061.75;6061.75;7
20250612 054800;6062;6062;6061.5;6061.5;9
20250612 054900;6061.75;6062;6061;6062;12
20250612 055000;6061.75;6063;6061.75;6062.75;14
20250612 055100;6063.25;6063.5;6062.75;6063.25;18
20250612 055200;6062.5;6062.75;6062.5;6062.75;4
20250612 055300;6063;6064;6063;6063.75;16
20250612 055400;6064.25;6065.5;6064.25;6065.5;19
20250612 055500;6064.75;6066;6064.75;6065.5;17
20250612 055600;6066;6066;6065.25;6065.75;6
20250612 055700;6065.75;6066.25;6065.75;6066.25;3
20250612 055800;6066.25;6069.5;6065.75;6065.75;86
20250612 055900;6067.5;6067.5;6067;6067.25;8
20250612 060000;6066.5;6067;6066.5;6067;5
20250612 060100;6065.5;6065.5;6064.5;6064.75;6
20250612 060200;6063.25;6063.5;6062.5;6062.5;13
20250612 060300;6062.5;6064;6062.5;6063.75;29
20250612 060400;6064.25;6065.25;6064.25;6065;7
20250612 060500;6064.75;6064.75;6063.5;6063.5;10
20250612 060600;6064.25;6064.25;6063.25;6063.25;5
20250612 060700;6062.75;6063;6062.5;6063;5
20250612 060800;6062.75;6063;6062.75;6063;5
20250612 060900;6063;6063.25;6063;6063.25;5
20250612 061000;6063.75;6063.75;6063.25;6063.75;8
20250612 061100;6063.25;6064.25;6062.25;6063.75;17
20250612 061200;6063.25;6064.75;6063.25;6064.75;22
20250612 061300;6065.5;6065.5;6065.25;6065.25;5
20250612 061400;6064.75;6064.75;6064.75;6064.75;1
20250612 061500;6064.75;6066;6064.75;6066;17
20250612 061600;6066;6067.75;6066;6067.75;56
20250612 061700;6067;6067.75;6066.75;6066.75;18
20250612 061800;6066.75;6066.75;6066.75;6066.75;2
20250612 061900;6066;6066;6066;6066;2
20250612 062000;6066;6067.25;6066;6067.25;6
20250612 062100;6067.25;6067.25;6066.5;6066.5;11
20250612 062200;6066.25;6067;6066;6066.75;7
20250612 062300;6066.5;6066.5;6065.75;6066.25;8
20250612 062400;6066.5;6066.75;6066.5;6066.75;5
20250612 062500;6066.5;6066.75;6066.5;6066.75;4
20250612 062600;6066.75;6067.25;6066.75;6066.75;5
20250612 062700;6066.75;6066.75;6066.5;6066.5;7
20250612 062800;6066.25;6066.25;6066.25;6066.25;7
20250612 062900;6066;6066.25;6065.75;6065.75;21
20250612 063000;6065;6065.25;6064.5;6064.5;10
20250612 063100;6064.25;6064.5;6063;6064.5;29
20250612 063200;6063.75;6065;6063.75;6065;19
20250612 063300;6065;6067.75;6065;6067.5;40
20250612 063400;6067.25;6068.25;6067.25;6068.25;17
20250612 063500;6068;6068.25;6067.5;6067.5;14
20250612 063600;6067.5;6067.5;6067.5;6067.5;2
20250612 063700;6067.25;6067.5;6067.25;6067.5;3
20250612 063800;6066.5;6067;6066.5;6066.5;10
20250612 063900;6066.75;6068;6066.5;6067.75;32
20250612 064000;6067.5;6067.5;6067;6067;4
20250612 064100;6066.75;6066.75;6066;6066.5;6
20250612 064200;6066.75;6067;6066.75;6067;5
20250612 064300;6067.5;6068;6067.5;6067.75;11
20250612 064400;6068.25;6068.5;6068.25;6068.5;2
20250612 064500;6068.75;6068.75;6068;6068;5
20250612 064600;6067.75;6067.75;6067.5;6067.5;13
20250612 064800;6066;6066;6066;6066;4
20250612 064900;6065.75;6068.5;6065.75;6068.5;13
20250612 065000;6068;6068;6067.25;6067.25;20
20250612 065100;6067.25;6070.5;6066.5;6068.25;113
20250612 065200;6068.25;6069.25;6068.25;6068.5;25
20250612 065300;6069;6070.75;6068.25;6070.75;37
20250612 065400;6070;6070.75;6069.25;6070.5;27
20250612 065500;6070;6070.25;6069.5;6070;10
20250612 065600;6070;6070;6070;6070;1
20250612 065700;6069.75;6069.75;6068.5;6068.75;11
20250612 065800;6068.25;6068.5;6068.25;6068.5;3
20250612 065900;6068.75;6069.75;6068.75;6069.5;5
20250612 070000;6069.5;6069.75;6069;6069.5;23
20250612 070100;6069.5;6070;6069.25;6069.75;28
20250612 070200;6070;6072.75;6070;6072.25;76
20250612 070300;6071.75;6072;6071.5;6072;13
20250612 070400;6072;6073.75;6071.75;6072.75;136
20250612 070500;6073;6073;6072.5;6072.5;13
20250612 070600;6073;6073.5;6071.75;6071.75;8
20250612 070700;6071.5;6072;6071.25;6071.25;9
20250612 070800;6071.5;6073;6071.5;6072.5;16
20250612 070900;6072.75;6073.25;6072.75;6073.25;11
20250612 071000;6073.75;6073.75;6073;6073;6
20250612 071100;6072.5;6073;6072.5;6073;5
20250612 071200;6072.5;6073.5;6072.5;6072.75;26
20250612 071300;6072.5;6072.5;6071.75;6071.75;14
20250612 071400;6072.75;6072.75;6070.75;6071.25;59
20250612 071500;6070.75;6072.25;6070.75;6071.25;25
20250612 071600;6070.5;6072;6070;6070;43
20250612 071700;6070;6070.75;6070;6070.75;14
20250612 071800;6071.25;6071.25;6070.25;6071.25;9
20250612 071900;6070.75;6071;6070.75;6071;6
20250612 072000;6070.75;6070.75;6070;6070;13
20250612 072100;6070;6071.25;6070;6070;22
20250612 072200;6070;6071.5;6070;6071;23
20250612 072300;6071.25;6071.5;6071.25;6071.5;10
20250612 072400;6072;6072;6071.5;6071.5;2
20250612 072500;6072;6072;6071.5;6072;10
20250612 072600;6072;6072;6071.75;6071.75;5
20250612 072700;6071.75;6071.75;6071;6071.5;6
20250612 072800;6070;6070;6069;6069;7
20250612 072900;6069.25;6070.75;6069.25;6070.5;17
20250612 073000;6070.5;6070.5;6068.25;6068.75;8
20250612 073100;6067.5;6067.5;6065.75;6066.25;32
20250612 073200;6067;6067;6064.25;6064.5;23
20250612 073300;6064.75;6065.5;6064;6064.25;19
20250612 073400;6063.75;6064.75;6063.5;6064.75;15
20250612 073500;6064.25;6064.5;6063.75;6064.5;22
20250612 073600;6064.75;6065.75;6064.5;6065.75;16
20250612 073700;6065.25;6066;6064.75;6064.75;13
20250612 073800;6064.5;6064.75;6064.5;6064.75;8
20250612 073900;6065;6065;6064;6064.75;25
20250612 074000;6064.75;6066;6064.75;6065.25;17
20250612 074100;6064.75;6065.25;6064;6065.25;19
20250612 074200;6065.25;6065.25;6064;6064;30
20250612 074300;6063;6063.25;6062.5;6063.25;27
20250612 074400;6062.5;6063;6062.5;6062.75;8
20250612 074500;6062;6062;6061.5;6061.5;28
20250612 074600;6061.75;6061.75;6060.25;6060.75;79
20250612 074700;6060.25;6060.25;6056;6057.5;79
20250612 074800;6057.5;6059.5;6057.5;6059.5;43
20250612 074900;6059.25;6060.25;6058.75;6060.25;24
20250612 075000;6059.25;6060;6058.75;6059.25;25
20250612 075100;6059;6059;6055.25;6055.25;99
20250612 075200;6055.25;6056.5;6054.75;6055.5;72
20250612 075300;6055.25;6056;6054;6055.25;58